-938.27
343
-256
-51
881
-265.39
688.37
-342
651
702.35
952
654
713.9
981.72
416.27
185.71
513.36
544
19.102
323
977.81
713.85
729.35
257
678
921
464
-4
219.81
848
591.45
-127.56
637.21
-866
345
-492
-371
384.38
-408.81
447
191.73
-57
893.74
843.75
446.80
327
893
973
797.62
799.8
808.39
801
-25
520
-13
-194
174
855.39
-547
992.76
806.21
760.50
692
981
-273
9
635.32
165.67
393.94
-273.85
590.90
803
-466
-87.25
-551.39
526.34
672
-895.49
-700.38
95
-415
-340.72
792
769.10
689
713
524.30
-877
-266.27
42
984
-883
908
527.56
187.99
320.83
788.80
-967
-851.33
836
848
-244
392
19.17
-952.42
292.70
-4
522
378.10
600
269
574.50
-557.95
-52.93
442.28
322.25
633.53
-703.94
196.28
-193.77
369
-417
561
711
-58.79
832.32
-305.93
-499
301
516.52
231
-184.72
920
789
755.48
711.54
-374.88
730
-339.89
-689
-449
923.75
328
163.26
623.55
495
811.94
403.17
-294
827.80
-284
-446.30
839.58
552
939.64
-249.98
147.99
955.56
587.16
878.45
730.46
-450.25
-176
990
875.34
763.47
42
-351.34
710
-429.40
-136.43
419
-352
-288
639.62
788.66
-403.64
287.32
-909
735
336.33
-528
615.9
-541
-498.67
145.77
848
116.58
789.67
-148
-925.97
287.85
808
594.65
583
956.85
12.100
678
738
-164
-240
863
-516
887
849.48
425.51
993
57.69
672
915.73
534.42
711.90
338.91
656.98
-471.81
-100
782
857.66
-108
729
-301.50
-395.48
425.28
-148.105
-932.17
227.67
-361.94
-478
-978
-648
-249
-55.49
-758.37
142.90
486.76
-288
-170
-928.90
-632.35
93.53
-641.31
767.16
788.19
-138
773
136
163
828.71
-752
29.34
343
-834.21
-577.22
278.104
-978
968.88
40
17
559
781
819
597
739
818.15
906
557.17
-437.30
-793.10
955.76
-332.62
-350
-419.60
-941.57
-410.28
812
-455.79
-14.39
68
26.77
-135.82
-170
83
87.16
267
406.88
-720.9
-986
-421.7
-869
541
484.43
-599.43
-445
83
-450.94
700
-45.26
528.75
327
-519
459
-522.33
503.80
815.23
-678
-869
627.30
324.88
-932.59
-931.47
-327.106
-261
30.54
-346
-951.40
-308
-721.96
-888
-393.106
165.46
-313.34
-140.83
-775.66
627.25
-843.70
-857.22
-668.65
-186
503.54
-669
-595
-124
-854
-837
-620
887
-773
330.73
-301
-115
461
862.48
-475
-83.100
388
360
-564
-877
505
791
-258.10
-741
720
899
-121
-771.48
602
-305
-835.55
214.96
-630.103
-461.80
-133
-754.37
556.12
308
11.54
59
201.91
739
25.43
609
-142.78
-593
-515.30
408
28
-73
-655
-773
599.15
132.80
-838
731.85
-80.15
-852
-239.58
806
0
-260.64
-995.45
-56
786.20
-510.62
263
-367
-254.8
252.69
-847.48
536.7
