-995.45
-986
-978
-978
-967
-952.42
-951.4
-941.57
-938.27
-932.59
-932.17
-931.47
-928.9
-925.97
-909
-895.49
-888
-883
-877
-877
-869
-869
-866
-857.22
-854
-852
-851.33
-847.48
-843.7
-838
-837
-835.55
-834.21
-793.1
-775.66
-773
-773
-771.48
-758.37
-754.37
-752
-741
-721.96
-720.9
-703.94
-700.38
-689
-678
-669
-668.65
-655
-648
-641.31
-632.35
-630.103
-620
-599.43
-595
-593
-577.22
-564
-557.95
-551.39
-547
-541
-528
-522.33
-519
-516
-515.3
-510.62
-499
-498.67
-492
-478
-475
-471.81
-466
-461.8
-455.79
-450.94
-450.25
-449
-446.3
-445
-437.3
-429.4
-421.7
-419.6
-417
-415
-410.28
-408.81
-403.64
-395.48
-393.106
-374.88
-371
-367
-361.94
-352
-351.34
-350
-346
-342
-340.72
-339.89
-332.62
-327.106
-313.34
-308
-305.93
-305
-301.5
-301
-294
-288
-288
-284
-273.85
-273
-266.27
-265.39
-261
-260.64
-258.1
-256
-254.8
-249.98
-249
-244
-240
-239.58
-194
-193.77
-186
-184.72
-176
-170
-170
-164
-148.105
-148
-142.78
-140.83
-138
-136.43
-135.82
-133
-127.56
-124
-121
-115
-108
-100
-87.25
-83.1
-80.15
-73
-58.79
-57
-56
-55.49
-52.93
-51
-45.26
-25
-14.39
-13
-4
-4
0
9
11.54
12.1
17
19.102
19.17
25.43
26.77
28
29.34
30.54
40
42
42
57.69
59
68
83
83
87.16
93.53
95
116.58
132.8
136
142.9
145.77
147.99
163
163.26
165.46
165.67
174
185.71
187.99
191.73
196.28
201.91
214.96
219.81
227.67
231
252.69
257
263
267
269
278.104
287.32
287.85
292.7
301
308
320.83
322.25
323
324.88
327
327
328
330.73
336.33
338.91
343
343
345
360
369
378.1
384.38
388
392
393.94
403.17
406.88
408
416.27
419
425.28
425.51
442.28
446.8
447
459
461
464
484.43
486.76
495
503.54
503.8
505
513.36
516.52
520
522
524.3
526.34
527.56
528.75
534.42
536.7
541
544
552
556.12
557.17
559
561
574.5
583
587.16
590.9
591.45
594.65
597
599.15
600
602
609
615.9
623.55
627.25
627.3
633.53
635.32
637.21
639.62
651
654
656.98
672
672
678
678
688.37
689
692
700
702.35
710
711
711.54
711.9
713
713.85
713.9
720
729
729.35
730
730.46
731.85
735
738
739
739
755.48
760.5
763.47
767.16
769.1
773
781
782
786.2
788.19
788.66
788.8
789
789.67
791
792
797.62
799.8
801
803
806
806.21
808
808.39
811.94
812
815.23
818.15
819
827.8
828.71
832.32
836
839.58
843.75
848
848
848
849.48
855.39
857.66
862.48
863
875.34
878.45
881
887
887
893
893.74
899
906
908
915.73
920
921
923.75
939.64
952
955.56
955.76
956.85
968.88
973
977.81
981
981.72
984
990
992.76
993
